1 0.490625 0.38281250000000006 0.3609375000000001 0.3828125 0.3609375000000001 0.5015625 0.490625 0.5015625
1 0.7578125 0.4703125000000001 0.58125 0.4703125 0.58125 0.6203125 0.7578125 0.6203125000000002
1 0.8890625 0.6234375000000001 0.628125 0.6234375 0.628125 0.915625 0.8890625 0.915625
1 0.6421875 0.3656250000000001 0.5 0.3656250000000001 0.5 0.459375 0.6421875 0.459375
1 0.45 0.3000000000000001 0.3640625 0.3000000000000001 0.36406250000000007 0.3671875000000001 0.45 0.3671875000000001
1 0.578125 0.31718750000000007 0.4625 0.31718750000000007 0.4625 0.3703125000000001 0.578125 0.3703125000000001
1 0.565625 0.2750000000000001 0.475 0.2750000000000001 0.475 0.3156250000000001 0.565625 0.3156250000000001
1 0.28125 0.2984375 0.17812500000000003 0.2984375 0.17812500000000003 0.359375 0.28125 0.359375
1 0.20000000000000004 0.3375 0.023437500000000038 0.3375 0.023437500000000045 0.41875 0.2000000000000001 0.41875
1 0.334375 0.23125 0.259375 0.23125 0.259375 0.265625 0.334375 0.265625
1 0.515625 0.2375000000000001 0.4421875 0.2375000000000001 0.4421875 0.2796875000000001 0.515625 0.2796875000000001
1 0.4828125 0.20468750000000008 0.4421875 0.20468750000000008 0.4421875 0.23437500000000008 0.4828125 0.23437500000000008
0 0.246875 0.2546875 0.2234375 0.2546875 0.2234375 0.2765625 0.246875 0.2765625
0 0.2171875 0.2484375 0.19531250000000006 0.2484375 0.19531250000000006 0.26875 0.2171875 0.26875
1 0.7859375 0.3343750000000001 0.65625 0.3343750000000001 0.65625 0.4671875000000001 0.7859375 0.4671875000000002