1 0.6390625 0.3828125000000001 0.509375 0.3828125000000001 0.509375 0.5015625 0.6390625 0.5015625
1 0.41875 0.4703125 0.24218750000000008 0.4703125 0.24218750000000008 0.6203125 0.41875 0.6203125
1 0.37187500000000007 0.6234375 0.11093750000000009 0.6234375 0.1109375000000001 0.915625 0.37187500000000007 0.915625
1 0.5 0.36562500000000003 0.3578125000000001 0.365625 0.3578125000000001 0.459375 0.5 0.459375
1 0.6375 0.3000000000000001 0.5515625 0.3000000000000001 0.5515625 0.3671875000000001 0.6375 0.3671875000000001
1 0.5375 0.31718750000000007 0.421875 0.31718750000000007 0.421875 0.3703125000000001 0.5375 0.3703125000000001
1 0.525 0.2750000000000001 0.434375 0.2750000000000001 0.434375 0.3156250000000001 0.525 0.3156250000000001
1 0.821875 0.2984375000000001 0.71875 0.2984375000000001 0.71875 0.3593750000000001 0.821875 0.3593750000000001
1 0.9765625 0.3375000000000001 0.8 0.3375000000000001 0.8 0.4187500000000002 0.9765625 0.4187500000000002
1 0.740625 0.2312500000000001 0.665625 0.2312500000000001 0.665625 0.2656250000000001 0.740625 0.2656250000000001
1 0.5578125 0.2375000000000001 0.484375 0.2375000000000001 0.484375 0.2796875000000001 0.5578125 0.2796875000000001
1 0.5578125 0.20468750000000008 0.5171875 0.20468750000000008 0.5171875 0.23437500000000008 0.5578125 0.23437500000000008
0 0.778125 0.25468750000000007 0.7546875 0.25468750000000007 0.7546875 0.2765625000000001 0.778125 0.2765625000000001
0 0.80625 0.2484375000000001 0.784375 0.2484375000000001 0.784375 0.2687500000000001 0.80625 0.2687500000000001
1 0.34062500000000007 0.3390625 0.2078125 0.3390625 0.20781250000000004 0.45625 0.34062500000000007 0.45625