1 0.4921875 0.3890625000000001 0.3671875000000001 0.3890625000000001 0.3671875000000001 0.4828125 0.4921875 0.4828125
1 0.6375 0.3812500000000001 0.5125 0.3812500000000001 0.5125 0.4671875 0.6375 0.4671875
1 0.75 0.4671875000000001 0.6171875 0.4671875 0.6171875 0.6171875000000001 0.75 0.6171875000000002
1 0.8828125 0.6343750000000001 0.6171875 0.634375 0.6171875000000001 0.9234375 0.8828125 0.9234375
1 0.775 0.3359375000000001 0.6671875 0.3359375000000001 0.6671875 0.4562500000000001 0.775 0.45625000000000016
1 0.4546875 0.29687500000000006 0.35 0.296875 0.35000000000000003 0.36718750000000006 0.4546875 0.3671875000000001
1 0.5796875 0.31718750000000007 0.475 0.31718750000000007 0.475 0.3890625000000001 0.5796875 0.3890625000000001
1 0.2625 0.296875 0.19218750000000004 0.296875 0.19218750000000004 0.35625 0.2625 0.35625
1 0.16718750000000004 0.3328125 0.050000000000000044 0.3328125 0.050000000000000044 0.4109375 0.16718750000000004 0.4109375
1 0.55 0.2640625000000001 0.4625 0.2640625000000001 0.4625 0.3140625000000001 0.55 0.3140625000000001
1 0.3296875 0.2171875 0.2703125 0.2171875 0.2703125 0.2890625 0.3296875 0.2890625