1 0.778125 0.14843750000000008 0.609375 0.14843750000000008 0.609375 0.3453125000000001 0.778125 0.3453125000000001
1 0.55625 0.15312500000000007 0.3859375 0.15312500000000004 0.3859375 0.3359375000000001 0.55625 0.3359375000000001
1 0.715625 0.4015625 0.50625 0.4015625 0.50625 0.60625 0.715625 0.60625
1 0.996875 0.42500000000000016 0.7953125 0.42500000000000016 0.7953125 0.6234375000000002 0.996875 0.6234375000000002
0 0.40312500000000007 0.6109375 0.3281250000000001 0.6109375 0.3281250000000001 0.740625 0.4031250000000002 0.740625
0 0.575 0.015625000000000066 0.4921875 0.015625000000000062 0.4921875 0.11250000000000007 0.575 0.11250000000000009
0 0.08593750000000001 0.017187500000000005 0.0125 0.0171875 0.012500000000000008 0.125 0.08593750000000003 0.125
1 0.7921875000000002 0.7906250000000001 0.5984375000000002 0.790625 0.5984375000000002 0.9390625 0.7921875000000002 0.9390625
2 0.13593750000000007 0.5078125 0.04375000000000007 0.5078125 0.04375000000000008 0.7328125 0.1359375000000001 0.7328125
2 0.08750000000000005 0.4015625 0.0031250000000000487 0.4015625 0.003125000000000061 0.6046875 0.08750000000000006 0.6046875
2 0.3468750000000001 0.78125 0.23437500000000008 0.78125 0.23437500000000008 0.934375 0.3468750000000001 0.934375