1 0.6234375 0.521875 0.5296875 0.521875 0.5296875 0.684375 0.6234375 0.684375
1 0.76875 0.4406250000000001 0.6765625 0.440625 0.6765625 0.5468750000000001 0.76875 0.5468750000000002
1 0.8640625 0.4437500000000002 0.778125 0.4437500000000002 0.778125 0.5640625000000001 0.8640625 0.5640625000000001
1 0.9140625 0.4109375000000002 0.85 0.4109375000000002 0.85 0.46875000000000017 0.9140625 0.46875000000000017
1 0.90625 0.4500000000000002 0.8546875 0.4500000000000002 0.8546875 0.5296875000000002 0.90625 0.5296875000000002
1 0.440625 0.5140625 0.3359375000000001 0.5140625 0.3359375000000001 0.640625 0.440625 0.640625
1 0.484375 0.4640625 0.3984375000000001 0.4640625 0.3984375000000001 0.55 0.484375 0.55
1 0.3937500000000001 0.4203125 0.2765625000000001 0.4203125 0.2765625000000001 0.5109375 0.3937500000000001 0.5109375
1 0.4078125000000001 0.6546875 0.1437500000000001 0.6546875 0.1437500000000001 0.878125 0.4078125000000002 0.878125
1 0.1937500000000001 0.6234375 7.634907388434281e-17 0.6234375 8.983932378120036e-17 0.84375 0.1937500000000001 0.84375
0 0.9921875 0.4281250000000002 0.96875 0.4281250000000002 0.96875 0.4890625000000002 0.9921875 0.4890625000000002
0 0.9296875 0.6000000000000002 0.8890625 0.6000000000000002 0.8890625 0.6781250000000002 0.9296875 0.6781250000000002
0 0.8953125 0.6187500000000001 0.85 0.6187500000000001 0.85 0.7343750000000002 0.8953125 0.7343750000000002
0 0.9671875 0.7250000000000002 0.9046875 0.7250000000000002 0.9046875 0.8875 0.9671875 0.8875