1 0.4703125 0.521875 0.3765625000000001 0.521875 0.3765625000000001 0.684375 0.4703125 0.684375
1 0.3234375000000001 0.440625 0.2312500000000001 0.440625 0.2312500000000001 0.546875 0.3234375000000001 0.546875
1 0.2218750000000001 0.44375 0.13593750000000004 0.44375 0.13593750000000007 0.5640625 0.2218750000000001 0.5640625
1 0.15000000000000005 0.4109375 0.08593750000000004 0.4109375 0.08593750000000006 0.46875 0.15000000000000005 0.46875
1 0.14531250000000004 0.45 0.09375000000000004 0.45 0.09375000000000006 0.5296875 0.14531250000000004 0.5296875
1 0.665625 0.5140625 0.5609375 0.5140625 0.5609375 0.640625 0.665625 0.640625
1 0.6015625 0.4640625 0.515625 0.4640625 0.515625 0.55 0.6015625 0.55
1 0.725 0.4203125 0.6078125 0.4203125 0.6078125 0.5109375 0.725 0.5109375
1 0.85625 0.6546875000000001 0.5921875 0.6546875 0.5921875000000001 0.878125 0.85625 0.878125
1 1 0.6234375000000002 0.80625 0.6234375000000002 0.80625 0.84375 1 0.84375
0 0.03281250000000006 0.428125 0.009375000000000053 0.428125 0.009375000000000057 0.4890625 0.03281250000000006 0.4890625
0 0.11093750000000009 0.6 0.07031250000000007 0.6 0.07031250000000008 0.678125 0.11093750000000009 0.678125
0 0.15000000000000008 0.61875 0.10468750000000009 0.61875 0.10468750000000009 0.734375 0.15000000000000008 0.734375
0 0.0953125000000001 0.725 0.03281250000000009 0.725 0.0328125000000001 0.8875 0.0953125000000001 0.8875