2 0.6171875 0.13125000000000006 0.50625 0.13125000000000003 0.50625 0.3203125000000001 0.6171875 0.3203125000000001
1 0.7703125 0.29375000000000007 0.66875 0.29375000000000007 0.66875 0.4718750000000001 0.7703125 0.47187500000000016
1 0.83125 0.03750000000000009 0.675 0.037500000000000075 0.675 0.3109375000000001 0.83125 0.3109375000000001
2 0.56875 0.3937500000000001 0.4625 0.3937500000000001 0.4625 0.50625 0.56875 0.50625
2 0.9640625 0.30156250000000007 0.8703125 0.30156250000000007 0.8703125 0.45625000000000016 0.9640625 0.45625000000000016
1 1 0.06406250000000012 0.90625 0.0640625000000001 0.90625 0.2921875000000001 1 0.2921875000000001
1 0.4328125 0.48125 0.3609375000000001 0.48125 0.3609375000000001 0.60625 0.4328125 0.60625
1 0.39531250000000007 0.4078125 0.18125000000000005 0.4078125 0.18125000000000005 0.5171875 0.39531250000000007 0.5171875
1 0.565625 0.4734375 0.4515625 0.4734375 0.4515625 0.56875 0.565625 0.56875
1 0.5796875 0.546875 0.5234375 0.546875 0.5234375 0.6203125 0.5796875 0.6203125
2 0.640625 0.5515625 0.5875 0.5515625 0.5875 0.615625 0.640625 0.615625
1 0.45625 0.6078125 0.3906250000000001 0.6078125 0.3906250000000001 0.6796875 0.45625 0.6796875
1 0.56875 0.625 0.5234375 0.625 0.5234375 0.6765625 0.56875 0.6765625
1 0.9578125 0.5281250000000002 0.8734375 0.5281250000000002 0.8734375 0.6171875000000002 0.9578125 0.6171875000000002
1 0.678125 0.6625 0.6296875 0.6625 0.6296875 0.7078125 0.678125 0.7078125
1 0.634375 0.63125 0.5828125 0.63125 0.5828125 0.6828125 0.634375 0.6828125
1 0.5984375 0.6546875 0.5546875 0.6546875 0.5546875 0.696875 0.5984375 0.696875
1 0.5609375 0.678125 0.5203125 0.678125 0.5203125 0.715625 0.5609375 0.715625
1 0.5390625000000001 0.7 0.5078125 0.7 0.5078125000000001 0.7359375 0.5390625000000002 0.7359375
1 0.9546875 0.6562500000000002 0.9046875 0.6562500000000002 0.9046875 0.7015625000000002 0.9546875 0.7015625000000002
1 0.9140625 0.6359375000000002 0.871875 0.6359375000000002 0.871875 0.6781250000000002 0.9140625 0.6781250000000002