1 0.3265625000000001 0.7046875 0.14062500000000008 0.7046875 0.1406250000000001 0.9640625 0.3265625000000001 0.9640625
1 0.34843750000000007 0.5421875 0.20312500000000008 0.5421875 0.20312500000000008 0.6796875 0.34843750000000007 0.6796875
1 0.6453125 0.3859375000000001 0.559375 0.3859375000000001 0.559375 0.51875 0.6453125 0.51875
1 0.546875 0.440625 0.45 0.440625 0.45 0.53125 0.546875 0.53125
2 0.4843750000000001 0.6921875 0.38750000000000007 0.6921875 0.38750000000000007 0.8875 0.48437500000000017 0.8875
1 0.8125 0.47343750000000007 0.5984375 0.4734375 0.5984375 0.596875 0.8125 0.5968750000000002
1 0.4765625 0.3781250000000001 0.4125 0.3781250000000001 0.4125 0.4578125 0.4765625 0.4578125
1 0.478125 0.3156250000000001 0.428125 0.3156250000000001 0.428125 0.3812500000000001 0.478125 0.3812500000000001
1 0.11875000000000005 0.3703125 0.015625000000000045 0.3703125 0.01562500000000005 0.4734375 0.11875000000000005 0.4734375
1 0.38593750000000004 0.33281250000000007 0.346875 0.3328125 0.34687500000000004 0.4140625 0.3859375000000001 0.4140625
2 0.5234375 0.521875 0.4453125 0.521875 0.4453125 0.5921875 0.5234375 0.5921875