1 0.7406250000000002 0.76875 0.6234375000000002 0.76875 0.6234375000000002 0.8890625 0.7406250000000002 0.8890625
1 0.640625 0.6125 0.56875 0.6125 0.56875 0.7078125 0.640625 0.7078125
1 0.4453125 0.56875 0.3765625000000001 0.56875 0.3765625000000001 0.64375 0.4453125 0.64375
1 0.4328125000000001 0.6484375 0.3531250000000001 0.6484375 0.3531250000000001 0.734375 0.43281250000000016 0.734375
1 0.515625 0.58125 0.45 0.58125 0.45 0.6546875 0.515625 0.6546875
1 0.5265625 0.6796875 0.4328125 0.6796875 0.4328125000000001 0.78125 0.5265625000000002 0.78125
1 0.5406250000000001 0.8 0.4203125000000002 0.8 0.4203125000000002 0.915625 0.5406250000000001 0.915625
1 0.3937500000000001 0.7359375 0.3046875000000001 0.7359375 0.3046875000000001 0.8453125 0.3937500000000001 0.8453125
1 0.39531250000000007 0.8375 0.2843750000000001 0.8375 0.2843750000000001 0.9140625 0.39531250000000007 0.9140625
1 0.33281250000000007 0.640625 0.25468750000000007 0.640625 0.25468750000000007 0.7234375 0.33281250000000007 0.7234375
1 0.4609375 0.4765625 0.41875 0.4765625 0.41875 0.528125 0.4609375 0.528125
1 0.4984375 0.3765625000000001 0.475 0.3765625000000001 0.475 0.409375 0.4984375 0.409375
1 0.4140625 0.3984375000000001 0.3765625000000001 0.3984375000000001 0.3765625000000001 0.4328125 0.4140625 0.4328125
1 0.3890625000000001 0.4296875 0.36406250000000007 0.4296875 0.36406250000000007 0.4640625 0.3890625000000001 0.4640625
1 0.49375 0.3546875000000001 0.475 0.3546875000000001 0.475 0.3781250000000001 0.49375 0.3781250000000001
0 0.3046875000000001 0.5359375 0.27812500000000007 0.5359375 0.27812500000000007 0.59375 0.3046875000000001 0.59375
0 0.38750000000000007 0.4953125 0.3656250000000001 0.4953125 0.3656250000000001 0.54375 0.38750000000000007 0.54375
0 0.1937500000000001 0.6046875 0.1687500000000001 0.6046875 0.1687500000000001 0.6609375 0.1937500000000001 0.6609375
2 0.1625000000000001 0.778125 0.11093750000000009 0.778125 0.11093750000000009 0.9015625 0.1625000000000001 0.9015625