1 0.23125000000000004 0.259375 0.11093750000000005 0.259375 0.11093750000000005 0.3765625 0.2312500000000001 0.3765625
1 0.38750000000000007 0.35937500000000006 0.2921875 0.359375 0.29218750000000004 0.43125 0.38750000000000007 0.43125
1 0.43125 0.55625 0.35625000000000007 0.55625 0.35625000000000007 0.625 0.43125 0.625
1 0.3515625000000001 0.5671875 0.2656250000000001 0.5671875 0.2656250000000001 0.646875 0.3515625000000001 0.646875
1 0.41875 0.484375 0.3453125000000001 0.484375 0.3453125000000001 0.55 0.41875 0.55
1 0.3203125000000001 0.475 0.21875000000000008 0.475 0.21875000000000008 0.56875 0.3203125000000001 0.56875
1 0.2000000000000001 0.459375 0.08437500000000006 0.459375 0.08437500000000006 0.5796875 0.2000000000000001 0.5796875
1 0.2640625000000001 0.60625 0.1546875000000001 0.60625 0.1546875000000001 0.6953125 0.2640625000000001 0.6953125
1 0.1625000000000001 0.6046875 0.08593750000000007 0.6046875 0.08593750000000008 0.715625 0.1625000000000001 0.715625
1 0.3609375000000001 0.66875 0.27812500000000007 0.66875 0.27812500000000007 0.746875 0.3609375000000001 0.746875
1 0.5234375 0.5390625 0.471875 0.5390625 0.471875 0.58125 0.5234375 0.58125
1 0.6234375 0.5015625 0.590625 0.5015625 0.590625 0.525 0.6234375 0.525
1 0.6015625 0.5859375 0.5671875 0.5859375 0.5671875 0.6234375 0.6015625 0.6234375
1 0.571875 0.6109375 0.5375 0.6109375 0.5375 0.6359375 0.571875 0.6359375
1 0.6453125 0.50625 0.621875 0.50625 0.621875 0.525 0.6453125 0.525
0 0.4640625 0.6953125 0.40625 0.6953125 0.40625 0.721875 0.4640625 0.721875
0 0.5046875 0.6125 0.45625 0.6125 0.45625 0.634375 0.5046875 0.634375
0 0.39531250000000007 0.80625 0.3390625000000001 0.80625 0.3390625000000001 0.83125 0.39531250000000007 0.83125
2 0.2218750000000001 0.8375 0.09843750000000011 0.8375 0.09843750000000011 0.8890625 0.2218750000000001 0.8890625