1 0.7953125000000001 0.5218750000000001 0.6140625 0.521875 0.6140625000000001 0.8046875 0.7953125000000002 0.8046875
1 0.7890625000000002 0.8046875 0.5625000000000002 0.8046875 0.5625000000000002 0.9984375 0.7890625000000002 0.9984375
1 0.8921875 0.13437500000000008 0.80625 0.13437500000000008 0.80625 0.2875000000000001 0.8921875 0.2875000000000001
1 0.9359375 0.2312500000000001 0.84375 0.2312500000000001 0.84375 0.3468750000000001 0.9359375 0.3468750000000001
1 0.996875 0.10625000000000014 0.9125 0.10625000000000014 0.9125 0.2078125000000001 0.996875 0.2078125000000001
2 0.5046875000000002 0.79375 0.4031250000000002 0.79375 0.4031250000000002 0.96875 0.5046875000000002 0.96875
2 0.2734375000000001 0.753125 0.1765625000000001 0.753125 0.17656250000000012 0.9140625 0.2734375000000001 0.9140625
2 0.3281250000000001 0.69375 0.24218750000000008 0.69375 0.24218750000000008 0.8578125 0.3281250000000001 0.8578125
2 0.3750000000000001 0.578125 0.2968750000000001 0.578125 0.2968750000000001 0.7046875 0.3750000000000001 0.7046875
2 0.4593750000000001 0.6328125 0.37187500000000007 0.6328125 0.37187500000000007 0.75625 0.4593750000000002 0.75625
2 0.6328125 0.4875 0.5640625 0.4875 0.5640625 0.68125 0.6328125 0.68125
2 0.5578125 0.6984375 0.4546875 0.6984375 0.4546875000000001 0.91875 0.5578125000000002 0.91875
2 0.709375 0.3500000000000001 0.6421875 0.3500000000000001 0.6421875 0.4921875 0.709375 0.4921875
2 0.8765625 0.3937500000000001 0.803125 0.3937500000000001 0.803125 0.5531250000000002 0.8765625 0.5531250000000002
2 0.4171875000000001 0.7203125 0.3312500000000001 0.7203125 0.3312500000000001 0.9203125 0.41718750000000016 0.9203125
2 0.8125 0.2875000000000001 0.7515625 0.2875000000000001 0.7515625 0.3765625000000001 0.8125 0.3765625000000001