1 0.3859375000000001 0.521875 0.20468750000000008 0.521875 0.20468750000000008 0.8046875 0.3859375000000001 0.8046875
1 0.43750000000000017 0.8046875 0.21093750000000008 0.8046875 0.21093750000000008 0.9984375 0.43750000000000017 0.9984375
1 0.19375000000000003 0.13437500000000002 0.1078125 0.134375 0.10781250000000002 0.2875 0.19375000000000003 0.2875
1 0.15625000000000006 0.23125 0.06406250000000002 0.23125 0.06406250000000004 0.346875 0.15625000000000006 0.346875
1 0.08750000000000002 0.10625 0.0031250000000000123 0.10625 0.003125000000000019 0.2078125 0.08750000000000002 0.2078125
2 0.5968750000000002 0.79375 0.49531250000000016 0.79375 0.49531250000000016 0.96875 0.5968750000000002 0.96875
2 0.8234375 0.7531250000000002 0.7265625000000002 0.7531250000000002 0.7265625000000002 0.9140625 0.8234375 0.9140625
2 0.7578125000000001 0.6937500000000001 0.671875 0.69375 0.6718750000000001 0.8578125 0.7578125000000002 0.8578125
2 0.703125 0.578125 0.625 0.578125 0.625 0.7046875 0.703125 0.7046875
2 0.628125 0.6328125 0.540625 0.6328125 0.5406250000000001 0.75625 0.6281250000000002 0.75625
2 0.4359375 0.4875 0.3671875000000001 0.4875 0.3671875000000001 0.68125 0.4359375 0.68125
2 0.5453125000000001 0.6984375 0.4421875 0.6984375 0.44218750000000007 0.91875 0.5453125000000002 0.91875
2 0.35781250000000003 0.35 0.290625 0.35 0.290625 0.4921875 0.3578125000000001 0.4921875
2 0.19687500000000008 0.39375 0.12343750000000005 0.39375 0.12343750000000006 0.553125 0.19687500000000008 0.553125
2 0.6703125000000001 0.7203125 0.584375 0.7203125 0.5843750000000001 0.9203125 0.6703125000000002 0.9203125
2 0.24843750000000003 0.2875 0.18750000000000006 0.2875 0.18750000000000006 0.3765625 0.2484375000000001 0.3765625