2 0.46875 0.13906250000000003 0.3640625 0.13906250000000003 0.36406250000000007 0.3828125000000001 0.46875 0.3828125000000001
2 0.559375 0.15937500000000007 0.478125 0.15937500000000004 0.478125 0.37968750000000007 0.559375 0.37968750000000007
2 0.8328125 0.15781250000000008 0.721875 0.15781250000000008 0.721875 0.3859375000000001 0.8328125 0.3859375000000001
2 0.6265625 0.19843750000000007 0.5421875 0.19843750000000004 0.5421875 0.4 0.6265625 0.4
2 0.503125 0.39531250000000007 0.4296875 0.39531250000000007 0.4296875 0.534375 0.503125 0.534375
1 0.2843750000000001 0.5 0.15625000000000006 0.5 0.15625000000000006 0.634375 0.2843750000000001 0.634375
1 0.2562500000000001 0.64375 0.1703125000000001 0.64375 0.1703125000000001 0.7375 0.2562500000000001 0.7375
2 0.415625 0.621875 0.3765625000000001 0.621875 0.3765625000000001 0.703125 0.415625 0.703125
2 0.36406250000000007 0.75 0.3234375000000001 0.75 0.3234375000000001 0.8109375 0.36406250000000007 0.8109375
2 0.5578125 0.4796875 0.496875 0.4796875 0.496875 0.584375 0.5578125 0.584375
1 0.2250000000000001 0.7515625 0.16562500000000008 0.7515625 0.16562500000000008 0.828125 0.2250000000000001 0.828125
0 0.2921875000000001 0.671875 0.2609375000000001 0.671875 0.2609375000000001 0.7390625 0.2921875000000001 0.7390625