2 0.6359375 0.13906250000000006 0.53125 0.13906250000000003 0.53125 0.3828125000000001 0.6359375 0.3828125000000001
2 0.5234375 0.15937500000000004 0.4421875 0.15937500000000004 0.4421875 0.37968750000000007 0.5234375 0.37968750000000007
2 0.27812500000000007 0.15781250000000002 0.1671875 0.1578125 0.16718750000000002 0.3859375 0.27812500000000007 0.3859375
2 0.4578125 0.19843750000000004 0.3734375 0.19843750000000004 0.37343750000000003 0.4 0.4578125 0.4
2 0.5703125 0.39531250000000007 0.496875 0.39531250000000007 0.496875 0.534375 0.5703125 0.534375
1 0.8453125 0.5000000000000001 0.7171875 0.5 0.7171875 0.6343750000000001 0.8453125 0.6343750000000001
1 0.8296875 0.6437500000000002 0.74375 0.6437500000000002 0.7437500000000001 0.7375000000000002 0.8296875 0.7375000000000002
2 0.6234375 0.621875 0.584375 0.621875 0.584375 0.703125 0.6234375 0.703125
2 0.6765625000000002 0.75 0.6359375000000002 0.75 0.6359375000000002 0.8109375 0.6765625000000002 0.8109375
2 0.503125 0.4796875 0.4421875 0.4796875 0.4421875 0.584375 0.503125 0.584375
1 0.834375 0.7515625000000001 0.7750000000000001 0.7515625000000001 0.7750000000000001 0.828125 0.834375 0.828125
0 0.7390625000000001 0.6718750000000001 0.7078125 0.671875 0.7078125000000001 0.7390625000000001 0.7390625000000002 0.7390625000000002