2 0.4687500000000001 0.6171875 0.36406250000000007 0.6171875 0.36406250000000007 0.8609375 0.46875000000000017 0.8609375
2 0.5593750000000001 0.6203125 0.478125 0.6203125 0.4781250000000001 0.840625 0.5593750000000002 0.840625
2 0.8328125 0.6156250000000001 0.721875 0.615625 0.721875 0.84375 0.8328125 0.84375
2 0.6265625000000001 0.6 0.5421875 0.6 0.5421875 0.8015625 0.6265625000000001 0.8015625
2 0.503125 0.465625 0.4296875 0.465625 0.4296875 0.6046875 0.503125 0.6046875
1 0.2843750000000001 0.365625 0.15625000000000006 0.365625 0.15625000000000006 0.5 0.2843750000000001 0.5
1 0.25625 0.2625 0.17031250000000003 0.2625 0.17031250000000003 0.35625 0.25625 0.35625
2 0.415625 0.2984375000000001 0.3765625 0.2984375000000001 0.3765625 0.37968750000000007 0.415625 0.37968750000000007
2 0.3640625 0.19062500000000004 0.3234375 0.19062500000000004 0.3234375 0.2515625 0.3640625 0.2515625000000001
2 0.5578125 0.415625 0.496875 0.415625 0.496875 0.5203125 0.5578125 0.5203125
1 0.225 0.17187500000000003 0.165625 0.171875 0.16562500000000002 0.2484375 0.225 0.2484375
0 0.2921875 0.2609375 0.2609375 0.2609375 0.2609375 0.328125 0.2921875 0.328125