1 0.4765625 0.16093750000000004 0.3765625 0.16093750000000004 0.3765625 0.3390625000000001 0.4765625 0.3390625000000001
1 0.5390625000000001 0.55625 0.3703125000000001 0.55625 0.3703125000000001 0.9625 0.5390625000000002 0.9625
1 0.8078125 0.5781250000000001 0.60625 0.578125 0.6062500000000001 0.996875 0.8078125 0.996875
1 0.65625 0.3312500000000001 0.53125 0.3312500000000001 0.53125 0.5765625 0.65625 0.5765625
1 0.6125 0.2000000000000001 0.503125 0.2000000000000001 0.503125 0.3531250000000001 0.6125 0.3531250000000001
1 0.56875 0.08281250000000007 0.490625 0.08281250000000007 0.490625 0.19843750000000007 0.56875 0.1984375000000001
1 0.3125 0.023437500000000035 0.23125 0.023437500000000028 0.23125 0.12968750000000004 0.3125 0.12968750000000004
1 0.5421875 0.014062500000000061 0.4671875 0.014062500000000056 0.4671875 0.07968750000000006 0.5421875 0.07968750000000006
1 0.8375 0.2687500000000001 0.66875 0.2687500000000001 0.66875 0.5984375000000001 0.8375 0.5984375000000002
1 0.7828125 0.13281250000000008 0.7046875 0.13281250000000008 0.7046875 0.2562500000000001 0.7828125 0.2562500000000001
0 0.8484375 0.20312500000000008 0.8 0.20312500000000008 0.8 0.2984375000000001 0.8484375 0.2984375000000001