1 0.4984375 0.5703125 0.2734375000000001 0.5703125 0.2734375000000001 0.678125 0.4984375 0.678125
1 0.4796875000000001 0.7078125 0.23593750000000008 0.7078125 0.23593750000000008 0.8328125 0.47968750000000016 0.8328125
1 0.5312500000000002 0.834375 0.23593750000000008 0.834375 0.23593750000000008 0.9921875 0.5312500000000002 0.9921875
1 0.49375 0.4359375 0.2828125000000001 0.4359375 0.2828125000000001 0.5546875 0.49375 0.5546875
1 0.4859375 0.28437500000000004 0.321875 0.284375 0.321875 0.38750000000000007 0.4859375 0.38750000000000007
1 0.5718750000000001 0.6828125 0.428125 0.6828125 0.4281250000000001 0.7765625 0.5718750000000001 0.7765625
1 0.6046875 0.3062500000000001 0.475 0.3062500000000001 0.475 0.40625 0.6046875 0.40625
1 0.6828125 0.3187500000000001 0.5921875 0.3187500000000001 0.5921875 0.40625 0.6828125 0.40625
1 0.628125 0.43125 0.475 0.43125 0.475 0.51875 0.628125 0.51875
1 0.740625 0.053125000000000075 0.603125 0.05312500000000007 0.603125 0.14218750000000008 0.740625 0.14218750000000008
1 0.775 0.3656250000000001 0.6671875 0.3656250000000001 0.6671875 0.4218750000000001 0.775 0.42187500000000017
1 0.9453125 0.09687500000000011 0.8546875 0.09687500000000011 0.8546875 0.15312500000000012 0.9453125 0.15312500000000012
1 0.6578125000000001 0.653125 0.5375 0.653125 0.5375000000000001 0.740625 0.6578125000000001 0.740625
1 0.8890625 0.5750000000000002 0.7890625 0.5750000000000002 0.7890625 0.6359375000000002 0.8890625 0.6359375000000002
1 0.89375 0.4468750000000002 0.8078125 0.4468750000000002 0.8078125 0.4984375000000002 0.89375 0.4984375000000002
1 0.7234375 0.4328125 0.63125 0.4328125 0.63125 0.50625 0.7234375 0.50625
1 0.878125 0.3828125000000001 0.7890625 0.3828125000000001 0.7890625 0.44062500000000016 0.878125 0.44062500000000016