1 0.4296875 0.27343750000000006 0.321875 0.2734375 0.321875 0.4984375 0.4296875 0.4984375
1 0.29218750000000004 0.2359375 0.16718750000000004 0.2359375 0.16718750000000004 0.4796875 0.2921875000000001 0.4796875
1 0.16718750000000004 0.2359375 0.009375000000000027 0.2359375 0.009375000000000046 0.53125 0.16718750000000004 0.53125
1 0.5640625 0.2828125000000001 0.4453125 0.2828125000000001 0.4453125 0.49375 0.5640625 0.49375
1 0.715625 0.3218750000000001 0.6125 0.3218750000000001 0.6125 0.4859375 0.715625 0.4859375
1 0.31718750000000007 0.428125 0.2234375000000001 0.428125 0.2234375000000001 0.571875 0.31718750000000007 0.571875
1 0.69375 0.475 0.59375 0.475 0.59375 0.6046875 0.69375 0.6046875
1 0.68125 0.5921875 0.59375 0.5921875 0.59375 0.6828125 0.68125 0.6828125
1 0.56875 0.475 0.48125 0.475 0.48125 0.628125 0.56875 0.628125
1 0.946875 0.6031250000000001 0.8578125 0.6031250000000001 0.8578125 0.7406250000000002 0.946875 0.7406250000000002
1 0.6343750000000001 0.6671875 0.578125 0.6671875 0.5781250000000001 0.775 0.6343750000000001 0.775
1 0.903125 0.8546875 0.846875 0.8546875 0.846875 0.9453125 0.903125 0.9453125
1 0.3468750000000001 0.5375 0.2593750000000001 0.5375 0.2593750000000001 0.6578125 0.3468750000000001 0.6578125
1 0.42500000000000016 0.7890625 0.36406250000000007 0.7890625 0.36406250000000007 0.8890625 0.42500000000000016 0.8890625
1 0.5531250000000002 0.8078125 0.5015625000000001 0.8078125 0.5015625000000001 0.89375 0.5531250000000002 0.89375
1 0.5671875 0.63125 0.49375 0.63125 0.49375 0.7234375 0.5671875 0.7234375
1 0.6171875000000002 0.7890625 0.5593750000000002 0.7890625 0.5593750000000002 0.878125 0.6171875000000002 0.878125