2 0.2203125 0.225 0.09062500000000002 0.225 0.09062500000000004 0.325 0.2203125 0.325
2 0.2500000000000001 0.6515625 0.13281250000000008 0.6515625 0.13281250000000008 0.75625 0.2500000000000001 0.75625
2 0.3468750000000001 0.6734375 0.2609375000000001 0.6734375 0.2609375000000001 0.7734375 0.3468750000000001 0.7734375
2 0.3218750000000001 0.8421875 0.2250000000000001 0.8421875 0.2250000000000001 0.93125 0.3218750000000001 0.93125
1 0.5328125 0.2828125000000001 0.375 0.2828125000000001 0.37500000000000006 0.4515625 0.5328125 0.4515625
1 0.5265625 0.06875000000000006 0.3515625 0.06875000000000005 0.3515625 0.25625000000000003 0.5265625 0.2562500000000001
1 0.525 0.471875 0.4109375 0.471875 0.4109375 0.6234375 0.525 0.6234375
1 0.653125 0.4953125 0.521875 0.4953125 0.521875 0.6515625 0.653125 0.6515625
1 0.6703125 0.3109375000000001 0.53125 0.3109375000000001 0.53125 0.5046875 0.6703125 0.5046875
1 0.6796875 0.09687500000000007 0.5125 0.09687500000000007 0.5125 0.3234375000000001 0.6796875 0.3234375000000001
2 0.2156250000000001 0.371875 0.10312500000000005 0.371875 0.10312500000000005 0.4875 0.2156250000000001 0.4875
2 0.12656250000000008 0.5125 0.028125000000000067 0.5125 0.028125000000000074 0.6515625 0.12656250000000008 0.6515625
1 0.5593750000000002 0.7328125 0.4546875000000002 0.7328125 0.4546875000000002 0.8765625 0.5593750000000002 0.8765625
2 0.6265625 0.6484375 0.534375 0.6484375 0.534375 0.7125 0.6265625 0.7125
0 0.6062500000000001 0.7203125 0.5609375 0.7203125 0.5609375000000001 0.7734375 0.6062500000000002 0.7734375