2 0.7703125000000002 0.7625000000000001 0.6734375000000001 0.7625 0.6734375000000001 0.896875 0.7703125000000002 0.896875
2 0.3281250000000001 0.6390625 0.22812500000000008 0.6390625 0.22812500000000008 0.74375 0.3281250000000001 0.74375
2 0.16406250000000008 0.659375 0.06093750000000009 0.659375 0.06093750000000009 0.7765625 0.16406250000000008 0.7765625
2 0.34843750000000007 0.7546875 0.2578125000000001 0.7546875 0.2578125000000001 0.8609375 0.34843750000000007 0.8609375
2 0.6312500000000002 0.7765625 0.5140625000000002 0.7765625 0.5140625000000002 0.8859375 0.6312500000000002 0.8859375
2 0.47656250000000017 0.85625 0.34843750000000007 0.85625 0.34843750000000007 0.971875 0.47656250000000017 0.971875
1 0.7125 0.4703125 0.5484375 0.4703125 0.5484375 0.60625 0.7125 0.60625
1 0.5296875 0.4671875 0.3687500000000001 0.4671875 0.3687500000000001 0.5859375 0.5296875 0.5859375
1 0.484375 0.353125 0.3578125 0.353125 0.35781250000000003 0.459375 0.484375 0.459375
1 0.6765625 0.34062500000000007 0.503125 0.34062500000000007 0.503125 0.4546875 0.6765625 0.4546875
1 0.9015625 0.33281250000000007 0.6875 0.33281250000000007 0.6875 0.4687500000000001 0.9015625 0.46875000000000017
1 0.934375 0.4968750000000002 0.7484375 0.4968750000000002 0.7484375 0.6343750000000001 0.934375 0.6343750000000001