2 0.32500000000000007 0.78125 0.2250000000000001 0.78125 0.2250000000000001 0.9109375 0.32500000000000007 0.9109375
2 0.7562500000000002 0.7500000000000001 0.6515625000000002 0.75 0.6515625000000002 0.8671875 0.7562500000000002 0.8671875
2 0.7734375000000001 0.6531250000000001 0.6734375 0.653125 0.6734375000000001 0.7390625000000001 0.7734375000000002 0.7390625000000002
2 0.93125 0.6781250000000002 0.8421875 0.6781250000000002 0.8421875 0.7750000000000001 0.93125 0.7750000000000001
1 0.4515625 0.46875 0.2828125000000001 0.46875 0.2828125000000001 0.6265625 0.4515625 0.6265625
1 0.2562500000000001 0.4734375 0.06875000000000006 0.4734375 0.06875000000000007 0.6484375 0.2562500000000001 0.6484375
1 0.6234375 0.475 0.471875 0.475 0.471875 0.5890625 0.6234375 0.5890625
1 0.6515625 0.34843750000000007 0.4953125 0.34843750000000007 0.4953125 0.4796875 0.6515625 0.4796875
1 0.5046875 0.3296875 0.3109375 0.3296875 0.31093750000000003 0.46875 0.5046875 0.46875
1 0.32343750000000004 0.3203125 0.09687500000000004 0.3203125 0.09687500000000006 0.4875 0.3234375000000001 0.4875
2 0.48750000000000016 0.784375 0.37187500000000007 0.784375 0.37187500000000007 0.896875 0.48750000000000016 0.896875
2 0.6515625000000002 0.8734375 0.5125000000000002 0.8734375 0.5125000000000002 0.971875 0.6515625000000002 0.971875
1 0.8765625 0.4421875000000002 0.7328125 0.4421875000000002 0.7328125 0.5468750000000002 0.8765625 0.5468750000000002
2 0.7125 0.3734375000000001 0.6484375 0.3734375000000001 0.6484375 0.465625 0.7125 0.465625
0 0.7734375 0.3937500000000001 0.7203125 0.3937500000000001 0.7203125 0.4390625000000001 0.7734375 0.4390625000000002